created_at: '2026-04-23T00:42:46.178748'
mode: mapping
width: 300
height: 300
resolution: 0.10000000149011612
