created_at: '2026-04-22T11:57:26.754064'
mode: mapping
width: 300
height: 300
resolution: 0.10000000149011612
